    1    7.3307048907   -7.9418908206   -0.1372808045
    2   7.23710175342     0.056384918  -0.14729538864
    3   7.14349861614    8.0546606566 -0.196896183663
    4   7.04989547886   16.0529363952 -0.268592950623
    5   6.95629234158   24.0512121338 -0.371575635048
    6    6.8626892043   32.0494878724   -0.4719242126
    7     6.794622616   40.0454302454 -0.696190049396
    8    6.7265560277   48.0413726184 -0.912126510417
    9    6.6584894394   56.0373149914  -1.06367405093
   10    6.5904228511   64.0332573644  -1.33682851147
   11    6.5223562628   72.0291997374  -1.49684045519
   12    6.4542896745   80.0251421104   -1.6190981129
   13   -1.5476221883   79.9950308804   -1.5553787181
   14  -1.50578619997   71.9978177079  -1.26264287991
   15  -1.46395021163   64.0006045354  -1.14606507059
   16   -1.4221142233   56.0033913629 -0.973301761796
   17  -1.38027823497   48.0061781904 -0.771992294466
   18  -1.33844224663   40.0089650179 -0.493231885275
   19   -1.2966062583   32.0117518454   -0.2671552282
   20  -1.19159060324   24.0027945602 -0.169637727946
   21  -1.08657494818    15.993837275 -0.073981916338
   22  -0.98155929312   7.98487998986 -0.0126204197406
   23  -0.87654363806  -0.02407729532 0.0216059952043
   24    -0.771527983   -8.0330345805    0.0285607991
   25   23.0577429326   -8.1538542945   -0.3829682965
   26    23.005274479  -0.15111252058 -0.347711882177
   27   22.9528060253   7.85162925334 -0.459043397166
   28   22.9003375717   15.8543710273 -0.544395429593
   29    22.847869118   23.8571128012 -0.679855766896
   30   22.7954006644   31.8598545751   -0.6704052048
   31   22.7305393679   39.8675455167 -0.798732753527
   32   22.6656780714   47.8752364582  -1.03595988103
   33   22.6008167749   55.8829273998  -1.30075093818
   34   22.5359554784   63.8906183414  -1.60137691108
   35   22.4710941819   71.8983092829   -1.6459506501
   36   22.4062328854   79.9060002245   -1.8385304747
   37    14.328919823   80.0374796999   -1.7146516091
   38   14.3377378148    72.032094404  -1.61570764227
   39   14.3465558067   64.0267091081  -1.47745251083
   40   14.3553737985   56.0213238123  -1.18582908191
   41   14.3641917903   48.0159385164   -0.9708291625
   42   14.3730097822   40.0105532205 -0.779031948169
   43    14.381827774   32.0051679246   -0.5562410571
   44   14.4879870928   23.9998884301 -0.473606769106
   45   14.5941464116   15.9946089357 -0.413878539947
   46   14.7003057305   7.98932944122 -0.331781761102
   47   14.8064650493  -0.01595005324 -0.267759750314
   48   14.9126243681   -8.0212295477     -0.26515117
   49    39.181902788   -7.9736264593   -0.6009209032
   50    39.076581569   0.04334780496 -0.633698117063
   51   38.9712603499   8.06032206922 -0.725272680824
   52   38.8659391309   16.0772963335 -0.767879967854
   53   38.7606179118   24.0942705977 -0.845346147434
   54   38.6552966928    32.111244862   -0.7601072814
   55   38.5967535827   40.0954325375 -0.852365919135
   56   38.5382104726   48.0796202131  -1.07217290046
   57   38.4796673625   56.0638078886  -1.30665145195
   58   38.4211242523   64.0479955641  -1.56386321534
   59   38.3625811422   72.0321832397  -1.69904357887
   60   38.3040380321   80.0163709152   -1.8277442952
   61    30.310955243   79.9692905637   -1.9402434545
   62   30.3694755214   71.9675099671  -1.77305579324
   63   30.4279957998   63.9657293705  -1.64950500528
   64   30.4865160782   55.9639487739  -1.33999456949
   65   30.5450363565   47.9621681773  -1.06960959665
   66   30.6035566349   39.9603875807 -0.836762262811
   67   30.6620769133   31.9586069841    -0.738599571
   68   30.7931768299   23.9573934016 -0.723323677145
   69   30.9242767465    15.956179819 -0.674586008071
   70   31.0553766631   7.95496623648 -0.613825429267
   71   31.1864765797  -0.04624734606 -0.548038675516
   72   31.3175764963   -8.0474609286   -0.4906540658
   73   55.1527146125   -8.1251199911   -0.7216112429
   74    55.099373274  -0.12047074172 -0.708552861005
   75   55.0460319354   7.88417850766 -0.780140278012
   76   54.9926905969    15.888827757   -0.8258815409
   77   54.9393492583   23.8934770064 -0.783815768132
   78   54.8860079198   31.8981262558   -0.7447849119
   79     54.62969137   39.6282302621  -0.83814591607
   80   54.3733748202   47.3583342685  -1.03990060323
   81   54.1170582704   55.0884382748  -1.20831219885
   82   53.8607417207   62.8185422811  -1.25757683693
   83   53.6044251709   70.5486462875  -1.35862838616
   84   53.3481086211   78.2787502938   -1.5614104057
   85    46.388872151   80.0339464013   -1.7579426096
   86   46.4509209396   72.0285205059  -1.50689622278
   87   46.5129697283   64.0230946106   -1.3549945835
   88   46.5750185169   56.0176687153  -1.27730591908
   89   46.6370673055   48.0122428199  -1.10814038058
   90   46.6991160942   40.0068169246 -0.882222513124
   91   46.7611648828   32.0013910292   -0.7389488886
   92   46.8521089352   24.0105110382 -0.859592232689
   93   46.9430529877   16.0196310471 -0.796576293748
   94   47.0339970401   8.02875105608 -0.713215321604
   95   47.1249410926   0.03787106504 -0.614091819006
   96    47.215885145    -7.953008926   -0.6569175867
   97   71.1866925667   -8.2051060578   -0.8789196634
   98    71.153005446    -0.200565135  -0.82179815423
   99   71.1193183254    7.8039757878 -0.849354642644
  100   71.0856312047   15.8085167106 -0.813658334177
  101   71.0519440841   23.8130576334 -0.740280817304
  102   71.0182569634   31.8175985562   -0.6753263153
  103   70.9229686925   39.8271103408 -0.727247453774
  104   70.8276804217   47.8366221254   -0.7731230047
  105   70.7323921508   55.8461339099 -0.852570895762
  106   70.6371038799   63.8556456945 -0.935496994983
  107   70.5418156091   71.8651574791 -0.948137380926
  108   70.4465273382   79.8746692637    -1.006840722
  109   62.4928486748   79.8434814403   -1.3468410561
  110   62.4777296624   71.8462821959  -1.19697814843
  111   62.4626106499   63.8490829515  -1.19562371065
  112   62.4474916374   55.8518837071  -1.08143978024
  113    62.432372625   47.8546844628 -0.917490220718
  114   62.4172536125   39.8574852184 -0.779003174925
  115   62.4021346001    31.860285974    -0.723515564
  116   62.4816590979   23.8464484584 -0.768441177716
  117   62.5611835957   15.8326109427 -0.867213594508
  118   62.6407080935   7.81877342708 -0.925606808967
  119   62.7202325913  -0.19506408856 -0.742567241452
  120   62.7997570891   -8.2089016042   -0.8013840647
  121   87.2313465566   -7.9514669664   -0.8365730914
  122   87.1447786701   0.06228861184 -0.688135004301
  123   87.0582107836   8.07604419008 -0.651901231649
  124    86.971642897   16.0897997683 -0.549249693213
  125   86.8850750105   24.1035553466 -0.449250952054
  126    86.798507124   32.1173109248   -0.2647297255
  127   86.6959062029   40.0577070741 -0.132300947223
  128   86.5933052819   47.9981032234 -0.0894604757772
  129   86.4907043608   55.9384993726 -0.138903922982
  130   86.3881034397   63.8788955219  -0.25540718924
  131   86.2855025187   71.8192916712  -0.14458608004
  132   86.1829015976   79.7596878205   -0.2846508019
  133   78.2533781382   79.8322574587   -0.6611975513
  134   78.3192514214   71.8591560098  -0.60999676739
  135   78.3851247045   63.8860545608 -0.622729079426
  136   78.4509979877   55.9129531119 -0.554295038549
  137   78.5168712708    47.939851663 -0.540905427382
  138    78.582744554    39.966750214 -0.531214100217
  139   78.6486178371   31.9936487651   -0.5639436841
  140   78.7741872114   23.9851736995 -0.674780245897
  141   78.8997565858    15.976698634 -0.697867665818
  142   79.0253259601   7.96822356842 -0.744019139704
  143   79.1508953345  -0.04025149714 -0.765808367964
  144   79.2764647088   -8.0487265627   -0.8730633211
