99     -2.1716341366   -9.6537573088    0.0441343823
100    -2.688614678    3.3326978731     0.042764316
101    -2.746444996    16.3245813387    -0.0353126382
102    -2.5307900489   29.2537325948    -0.2049907461
103    -3.0065323513   42.2882582784    -0.5179397504
104    -2.9372274741   55.2259459925    -0.938379721
105    -2.8555793293   68.2903226431    -1.19287198
106    -3.0487031281   81.4179404937    -1.7378767562
114    10.8474082479   -9.3944789266    -0.2462684118
113    10.7728060524   3.5987239068     -0.2345608113
112    10.5422511158   16.672612795     -0.3480909541
111    10.4484605645   29.6700119284    -0.503238403
110    10.4252277643   42.6760751131    -0.8348450563
109    10.6049215563   55.6515772264    -1.1095614922
108    10.2149149923   68.6683863776    -1.5481260947
107    10.1489809158   81.7393471675    -1.8367495685
115    23.8337720799   -9.3083767351    -0.463918873
116    23.9462986844   3.7165936446     -0.4299721676
117    23.9871306961   16.6370197141    -0.5717317543
118    23.8582441177   29.833273163     -0.722232387
119    23.6463857302   42.6299594522    -0.8885960337
120    23.618057284    55.6256594939    -1.300742304
121    23.2933826572   68.6857271082    -1.6876508679
122    23.3998067995   81.3962731994    -2.0774440682
130    36.8396209461   -9.3636771382    -0.5970508383
129    36.8311291459   3.6545957148     -0.6746541755
128    36.7293980872   16.6740782399    -0.7548148183
127    36.8059516494   29.6338983629    -0.8200974752
126    36.7734349737   42.6191407848    -0.9169251835
125    36.6162311855   55.6370168033    -1.3044736057
124    36.3910635205   68.6341731272    -1.7097508272
123    36.1159023286   81.5855801168    -2.110698136
131    50.0929977347   -9.4953569155    -0.8057806046
132    50.10484105     3.7234328729     -0.6722743664
133    49.8779644613   16.6512977631    -0.8055612739
134    49.7776787606   29.6146068387    -0.8087034474
135    49.4476740302   42.6820872732    -0.9626879865
136    49.3000843887   55.6692015415    -1.2617325046
137    49.1480602474   68.6492841544    -1.3752656076
138    48.8587543525   81.7269211895    -1.7817873756
146    62.7282508161   -9.3685818327    -0.9039847835
145    62.4040153499   3.8228666223     -0.872929477
144    62.3762805009   16.7071917412    -0.8577822826
143    62.2102113365   29.8061391239    -0.7223646119
142    62.219312614    42.629042        -0.8190537315
141    61.5872976512   55.6700918719    -1.0947341894
140    62.2228840279   68.6356530329    -1.2216283594
139    62.1055326391   81.6893598005    -1.502400111
147    75.531044518    -9.474832084     -1.0333214752
148    75.3359739813   3.765092866      -0.8045136573
149    75.7312718107   16.743000625     -0.7445111181
150    75.5699092181   29.7254647863    -0.6928997162
151    75.1161184775   42.5756079684    -0.6697575659
152    74.7573464939   55.5872145928    -0.7045635035
153    74.562584294    68.7107288522    -0.7963384267
154    74.5265947393   81.7442878773    -0.9545864837
163    89.0109821382   -9.0414058527    -0.9715987153
162    88.9275647997   3.7358071134     -0.6731542759
161    88.8383989157   16.8486486724    -0.4997486342
160    88.6120217074   29.9169230524    -0.2720557224
159    90.5519299262   42.2250583853    0.1259418589
158    88.128533543    55.8082748754    -0.0404578946
157    87.2510748641   68.810641147     -0.2047153699
156    87.2228764309   81.605862186     -0.6022516197
